0 0.39501953125 0.6680851063829787 0.40283203125 0.6680851063829787 0.40283203125 0.6756501182033097 0.39501953125 0.6756501182033097
0 0.37060546875 0.6614657210401891 0.37841796875 0.6614657210401891 0.37841796875 0.6690307328605201 0.37060546875 0.6690307328605201
0 0.4013671875 0.6453900709219859 0.4091796875 0.6453900709219859 0.4091796875 0.6529550827423168 0.4013671875 0.6529550827423168
0 0.3037109375 0.6335697399527187 0.3115234375 0.6335697399527187 0.3115234375 0.6411347517730497 0.3037109375 0.6411347517730497
0 0.3701171875 0.6156028368794326 0.3779296875 0.6156028368794326 0.3779296875 0.6231678486997636 0.3701171875 0.6231678486997636
0 0.3857421875 0.6156028368794326 0.3935546875 0.6156028368794326 0.3935546875 0.6231678486997636 0.3857421875 0.6231678486997636
0 0.4248046875 0.5702127659574469 0.4326171875 0.5702127659574469 0.4326171875 0.5777777777777778 0.4248046875 0.5777777777777778
0 0.43896484375 0.5531914893617021 0.44677734375 0.5531914893617021 0.44677734375 0.5607565011820331 0.43896484375 0.5607565011820331
0 0.4189453125 0.5522458628841608 0.4267578125 0.5522458628841608 0.4267578125 0.5598108747044918 0.4189453125 0.5598108747044918
0 0.38037109375 0.5399527186761229 0.38818359375 0.5399527186761229 0.38818359375 0.5475177304964539 0.38037109375 0.5475177304964539
0 0.3447265625 0.5200945626477541 0.3525390625 0.5200945626477541 0.3525390625 0.5276595744680851 0.3447265625 0.5276595744680851
0 0.376953125 0.5044917257683215 0.384765625 0.5044917257683215 0.384765625 0.5120567375886524 0.376953125 0.5120567375886524
0 0.40234375 0.5111111111111111 0.41015625 0.5111111111111111 0.41015625 0.518676122931442 0.40234375 0.518676122931442
0 0.44677734375 0.526241134751773 0.45458984375 0.526241134751773 0.45458984375 0.533806146572104 0.44677734375 0.533806146572104
0 0.43017578125 0.5078014184397163 0.43798828125 0.5078014184397163 0.43798828125 0.5153664302600472 0.43017578125 0.5153664302600472
0 0.443359375 0.48321513002364064 0.451171875 0.48321513002364064 0.451171875 0.4907801418439716 0.443359375 0.4907801418439716
0 0.42724609375 0.46477541371158393 0.43505859375 0.46477541371158393 0.43505859375 0.4723404255319149 0.42724609375 0.4723404255319149
1 0.3984375 0.6562647754137115 0.408203125 0.6562647754137115 0.408203125 0.6657210401891253 0.3984375 0.6657210401891253
1 0.333984375 0.6576832151300236 0.34375 0.6576832151300236 0.34375 0.6671394799054373 0.333984375 0.6671394799054373
1 0.3359375 0.6099290780141844 0.345703125 0.6099290780141844 0.345703125 0.6193853427895981 0.3359375 0.6193853427895981
1 0.3173828125 0.5962174940898345 0.3271484375 0.5962174940898345 0.3271484375 0.6056737588652482 0.3173828125 0.6056737588652482
1 0.38037109375 0.5522458628841608 0.39013671875 0.5522458628841608 0.39013671875 0.5617021276595745 0.38037109375 0.5617021276595745
