0 0.49658203125 0.5919621749408983 0.50439453125 0.5919621749408983 0.50439453125 0.5995271867612293 0.49658203125 0.5995271867612293
0 0.5224609375 0.5919621749408983 0.5302734375 0.5919621749408983 0.5302734375 0.5995271867612293 0.5224609375 0.5995271867612293
0 0.47265625 0.5862884160756501 0.48046875 0.5862884160756501 0.48046875 0.5938534278959811 0.47265625 0.5938534278959811
0 0.458984375 0.5791962174940898 0.466796875 0.5791962174940898 0.466796875 0.5867612293144208 0.458984375 0.5867612293144208
0 0.5234375 0.5716312056737589 0.53125 0.5716312056737589 0.53125 0.5791962174940899 0.5234375 0.5791962174940899
0 0.466796875 0.5711583924349882 0.474609375 0.5711583924349882 0.474609375 0.5787234042553192 0.466796875 0.5787234042553192
0 0.587890625 0.5555555555555556 0.595703125 0.5555555555555556 0.595703125 0.5631205673758866 0.587890625 0.5631205673758866
0 0.5068359375 0.5517730496453901 0.5146484375 0.5517730496453901 0.5146484375 0.5593380614657211 0.5068359375 0.5593380614657211
0 0.56884765625 0.5371158392434988 0.57666015625 0.5371158392434988 0.57666015625 0.5446808510638298 0.56884765625 0.5446808510638298
0 0.52587890625 0.6023640661938534 0.53369140625 0.6023640661938534 0.53369140625 0.6099290780141844 0.52587890625 0.6099290780141844
0 0.505859375 0.5725768321513003 0.513671875 0.5725768321513003 0.513671875 0.5801418439716313 0.505859375 0.5801418439716313
0 0.4892578125 0.5735224586288415 0.4970703125 0.5735224586288415 0.4970703125 0.5810874704491725 0.4892578125 0.5810874704491725
0 0.55126953125 0.5754137115839243 0.55908203125 0.5754137115839243 0.55908203125 0.5829787234042553 0.55126953125 0.5829787234042553
0 0.595703125 0.5380614657210402 0.603515625 0.5380614657210402 0.603515625 0.5456264775413712 0.595703125 0.5456264775413712
0 0.50146484375 0.5877068557919621 0.50927734375 0.5877068557919621 0.50927734375 0.5952718676122931 0.50146484375 0.5952718676122931
0 0.61865234375 0.6851063829787234 0.62646484375 0.6851063829787234 0.62646484375 0.6926713947990544 0.61865234375 0.6926713947990544
1 0.611328125 0.6307328605200946 0.62109375 0.6307328605200946 0.62109375 0.6401891252955083 0.611328125 0.6401891252955083
1 0.54052734375 0.6047281323877068 0.55029296875 0.6047281323877068 0.55029296875 0.6141843971631206 0.54052734375 0.6141843971631206
1 0.42822265625 0.518676122931442 0.43798828125 0.518676122931442 0.43798828125 0.5281323877068558 0.42822265625 0.5281323877068558
1 0.63671875 0.6444444444444445 0.646484375 0.6444444444444445 0.646484375 0.6539007092198582 0.63671875 0.6539007092198582
