0 0.49658203125 0.6023640661938534 0.50439453125 0.6023640661938534 0.50439453125 0.6099290780141844 0.49658203125 0.6099290780141844
0 0.60791015625 0.5768321513002364 0.61572265625 0.5768321513002364 0.61572265625 0.5843971631205673 0.60791015625 0.5843971631205673
0 0.5625 0.5659574468085107 0.5703125 0.5659574468085107 0.5703125 0.5735224586288417 0.5625 0.5735224586288417
0 0.6376953125 0.5437352245862884 0.6455078125 0.5437352245862884 0.6455078125 0.5513002364066194 0.6376953125 0.5513002364066194
0 0.46826171875 0.5361702127659574 0.47607421875 0.5361702127659574 0.47607421875 0.5437352245862884 0.46826171875 0.5437352245862884
0 0.62451171875 0.5314420803782506 0.63232421875 0.5314420803782506 0.63232421875 0.5390070921985816 0.62451171875 0.5390070921985816
0 0.5556640625 0.5304964539007092 0.5634765625 0.5304964539007092 0.5634765625 0.5380614657210402 0.5556640625 0.5380614657210402
0 0.53662109375 0.5238770685579196 0.54443359375 0.5238770685579196 0.54443359375 0.5314420803782506 0.53662109375 0.5314420803782506
0 0.43115234375 0.5210401891252955 0.43896484375 0.5210401891252955 0.43896484375 0.5286052009456265 0.43115234375 0.5286052009456265
0 0.537109375 0.5002364066193853 0.544921875 0.5002364066193853 0.544921875 0.5078014184397163 0.537109375 0.5078014184397163
0 0.55224609375 0.49598108747044917 0.56005859375 0.49598108747044917 0.56005859375 0.5035460992907801 0.55224609375 0.5035460992907801
0 0.58251953125 0.48557919621749407 0.59033203125 0.48557919621749407 0.59033203125 0.49314420803782505 0.58251953125 0.49314420803782505
0 0.521484375 0.4756501182033097 0.529296875 0.4756501182033097 0.529296875 0.4832151300236407 0.521484375 0.4832151300236407
0 0.4912109375 0.4520094562647754 0.4990234375 0.4520094562647754 0.4990234375 0.4595744680851064 0.4912109375 0.4595744680851064
0 0.56005859375 0.44349881796690305 0.56787109375 0.44349881796690305 0.56787109375 0.451063829787234 0.56005859375 0.451063829787234
0 0.47802734375 0.43167848699763595 0.48583984375 0.43167848699763595 0.48583984375 0.4392434988179669 0.47802734375 0.4392434988179669
0 0.59228515625 0.4307328605200946 0.60009765625 0.4307328605200946 0.60009765625 0.43829787234042555 0.59228515625 0.43829787234042555
0 0.4990234375 0.4297872340425532 0.5068359375 0.4297872340425532 0.5068359375 0.4373522458628842 0.4990234375 0.4373522458628842
0 0.60009765625 0.39527186761229316 0.60791015625 0.39527186761229316 0.60791015625 0.40283687943262414 0.60009765625 0.40283687943262414
0 0.56982421875 0.3801418439716312 0.57763671875 0.3801418439716312 0.57763671875 0.3877068557919622 0.56982421875 0.3877068557919622
0 0.57763671875 0.36832151300236404 0.58544921875 0.36832151300236404 0.58544921875 0.375886524822695 0.57763671875 0.375886524822695
0 0.4833984375 0.6004728132387707 0.4912109375 0.6004728132387707 0.4912109375 0.6080378250591016 0.4833984375 0.6080378250591016
0 0.51806640625 0.575886524822695 0.52587890625 0.575886524822695 0.52587890625 0.583451536643026 0.51806640625 0.583451536643026
0 0.57373046875 0.6174940898345154 0.58154296875 0.6174940898345154 0.58154296875 0.6250591016548463 0.57373046875 0.6250591016548463
0 0.59814453125 0.5886524822695035 0.60595703125 0.5886524822695035 0.60595703125 0.5962174940898345 0.59814453125 0.5962174940898345
0 0.6201171875 0.5683215130023641 0.6279296875 0.5683215130023641 0.6279296875 0.5758865248226951 0.6201171875 0.5758865248226951
0 0.60205078125 0.5475177304964539 0.60986328125 0.5475177304964539 0.60986328125 0.5550827423167849 0.60205078125 0.5550827423167849
0 0.51806640625 0.5380614657210402 0.52587890625 0.5380614657210402 0.52587890625 0.5456264775413712 0.51806640625 0.5456264775413712
0 0.484375 0.4964539007092198 0.4921875 0.4964539007092198 0.4921875 0.5040189125295508 0.484375 0.5040189125295508
0 0.47705078125 0.4846335697399527 0.48486328125 0.4846335697399527 0.48486328125 0.4921985815602837 0.47705078125 0.4921985815602837
0 0.60107421875 0.3735224586288416 0.60888671875 0.3735224586288416 0.60888671875 0.38108747044917257 0.60107421875 0.38108747044917257
0 0.6298828125 0.39527186761229316 0.6376953125 0.39527186761229316 0.6376953125 0.40283687943262414 0.6298828125 0.40283687943262414
0 0.572265625 0.5990543735224586 0.580078125 0.5990543735224586 0.580078125 0.6066193853427896 0.572265625 0.6066193853427896
0 0.48681640625 0.5635933806146572 0.49462890625 0.5635933806146572 0.49462890625 0.5711583924349882 0.48681640625 0.5711583924349882
0 0.49658203125 0.40047281323877065 0.50439453125 0.40047281323877065 0.50439453125 0.40803782505910163 0.49658203125 0.40803782505910163
1 0.5625 0.4094562647754137 0.572265625 0.4094562647754137 0.572265625 0.4189125295508274 0.5625 0.4189125295508274
