0 0.32568359375 0.5437352245862884 0.33349609375 0.5437352245862884 0.33349609375 0.5513002364066194 0.32568359375 0.5513002364066194
0 0.400390625 0.5319148936170213 0.408203125 0.5319148936170213 0.408203125 0.5394799054373522 0.400390625 0.5394799054373522
0 0.31494140625 0.5210401891252955 0.32275390625 0.5210401891252955 0.32275390625 0.5286052009456265 0.31494140625 0.5286052009456265
0 0.2890625 0.5200945626477541 0.296875 0.5200945626477541 0.296875 0.5276595744680851 0.2890625 0.5276595744680851
0 0.24951171875 0.48983451536643025 0.25732421875 0.48983451536643025 0.25732421875 0.4973995271867612 0.24951171875 0.4973995271867612
0 0.2802734375 0.48557919621749407 0.2880859375 0.48557919621749407 0.2880859375 0.49314420803782505 0.2802734375 0.49314420803782505
0 0.29296875 0.4595744680851064 0.30078125 0.4595744680851064 0.30078125 0.46713947990543736 0.29296875 0.46713947990543736
0 0.3291015625 0.458628841607565 0.3369140625 0.458628841607565 0.3369140625 0.466193853427896 0.3291015625 0.466193853427896
0 0.34814453125 0.451063829787234 0.35595703125 0.451063829787234 0.35595703125 0.458628841607565 0.34814453125 0.458628841607565
0 0.32470703125 0.4368794326241135 0.33251953125 0.4368794326241135 0.33251953125 0.4444444444444445 0.32470703125 0.4444444444444445
0 0.35693359375 0.4335697399527187 0.36474609375 0.4335697399527187 0.36474609375 0.44113475177304967 0.35693359375 0.44113475177304967
0 0.3095703125 0.41134751773049644 0.3173828125 0.41134751773049644 0.3173828125 0.4189125295508274 0.3095703125 0.4189125295508274
0 0.3916015625 0.4018912529550827 0.3994140625 0.4018912529550827 0.3994140625 0.4094562647754137 0.3916015625 0.4094562647754137
0 0.37158203125 0.3877068557919622 0.37939453125 0.3877068557919622 0.37939453125 0.39527186761229316 0.37158203125 0.39527186761229316
0 0.27294921875 0.3768321513002364 0.28076171875 0.3768321513002364 0.28076171875 0.3843971631205674 0.27294921875 0.3843971631205674
0 0.40478515625 0.36170212765957444 0.41259765625 0.36170212765957444 0.41259765625 0.3692671394799054 0.40478515625 0.3692671394799054
0 0.3193359375 0.3404255319148936 0.3271484375 0.3404255319148936 0.3271484375 0.3479905437352246 0.3193359375 0.3479905437352246
0 0.35595703125 0.33522458628841606 0.36376953125 0.33522458628841606 0.36376953125 0.34278959810874704 0.35595703125 0.34278959810874704
0 0.408203125 0.32860520094562645 0.416015625 0.32860520094562645 0.416015625 0.33617021276595743 0.408203125 0.33617021276595743
0 0.3837890625 0.3111111111111111 0.3916015625 0.3111111111111111 0.3916015625 0.3186761229314421 0.3837890625 0.3186761229314421
0 0.4013671875 0.3040189125295508 0.4091796875 0.3040189125295508 0.4091796875 0.3115839243498818 0.4013671875 0.3115839243498818
0 0.43603515625 0.29929078014184396 0.44384765625 0.29929078014184396 0.44384765625 0.30685579196217494 0.43603515625 0.30685579196217494
0 0.345703125 0.30354609929078014 0.353515625 0.30354609929078014 0.353515625 0.3111111111111111 0.345703125 0.3111111111111111
0 0.3515625 0.28652482269503543 0.359375 0.28652482269503543 0.359375 0.2940898345153664 0.3515625 0.2940898345153664
0 0.43115234375 0.33617021276595743 0.43896484375 0.33617021276595743 0.43896484375 0.3437352245862884 0.43115234375 0.3437352245862884
0 0.3603515625 0.37494089834515365 0.3681640625 0.37494089834515365 0.3681640625 0.38250591016548463 0.3603515625 0.38250591016548463
0 0.28955078125 0.41749408983451536 0.29736328125 0.41749408983451536 0.29736328125 0.42505910165484634 0.28955078125 0.42505910165484634
0 0.27685546875 0.3981087470449173 0.28466796875 0.3981087470449173 0.28466796875 0.40567375886524826 0.27685546875 0.40567375886524826
0 0.27587890625 0.4628841607565012 0.28369140625 0.4628841607565012 0.28369140625 0.47044917257683216 0.27587890625 0.47044917257683216
0 0.2880859375 0.5092198581560283 0.2958984375 0.5092198581560283 0.2958984375 0.5167848699763593 0.2880859375 0.5167848699763593
0 0.35009765625 0.4874704491725768 0.35791015625 0.4874704491725768 0.35791015625 0.4950354609929078 0.35009765625 0.4950354609929078
0 0.40380859375 0.4950354609929078 0.41162109375 0.4950354609929078 0.41162109375 0.5026004728132387 0.40380859375 0.5026004728132387
0 0.3505859375 0.5371158392434988 0.3583984375 0.5371158392434988 0.3583984375 0.5446808510638298 0.3505859375 0.5446808510638298
0 0.4091796875 0.556501182033097 0.4169921875 0.556501182033097 0.4169921875 0.5640661938534279 0.4091796875 0.5640661938534279
1 0.43359375 0.5404255319148936 0.443359375 0.5404255319148936 0.443359375 0.5498817966903073 0.43359375 0.5498817966903073
1 0.4482421875 0.4940898345153664 0.4580078125 0.4940898345153664 0.4580078125 0.5035460992907801 0.4482421875 0.5035460992907801
